0.0
0.0
0.0
0.0
-0.09999999999987563
-0.09999999999991126
-0.09999999999991444
-0.09999999999991505
-0.09999999999663048
-0.09999999999750528
-0.09999999999911625
-0.09999999999792464
-0.09999999999818547
-0.09999999999816
-0.09999999999793302
-0.10000000051356793
-0.09999999948278453
-0.09999999999794369
-0.09999999999815858
-0.09999999999816699
-0.09999999999795074
-0.0999999999981654
-0.09999999999814635
-0.09999999999797095
-0.09999999999815004
-0.09999999999816242
-0.09999999999793838
-0.10000000062812506
-0.09999999936822619
-0.09999999999791402
-0.09999999999818548
-0.0999999999981553
-0.09999999999794341
-0.0999999999981798
-0.09999999999816413
-0.09999999999794715
-0.0999999999981631
-0.09999999999815126
-0.0999999999979696
-0.10000000480875784
-0.09999999518755492
-0.09999999999795149
-0.09999999999815787
-0.09999999999815465
-0.09999999999789665
-0.09999999999815853
-0.099999999998179
-0.09999999999799472
-0.09999999999817605
-0.09999999999814
-0.09999999999795074
-0.09999999999816692
-0.09999999999817252
-0.0999999999979579
-0.09999999999815046
-0.10000000480881883
-0.09999999518730401
-0.09999999999816635
-0.09999999999816041
-0.09999999999794286
-0.09999999999816211
-0.09999999999815541
-0.09999999999794902
-0.09999999999818324
-0.09999999999815777
-0.09999999999793965
-0.09999999999818425
-0.09999999999814307
-0.09999999999793373
-0.09999999999816729
-0.09999999999819638
-0.09999999999791336
-0.09999999999817803
-0.09999999999816488
-0.09999999999793267
-0.10000000480881205
-0.09999999518753944
-0.09999999999790257
-0.10000000034173533
-0.0999999996545766
-0.09999999999794583
-0.10000000005547276
-0.09999999994092193
-0.0999999999979392
-0.09999999999816454
-0.09999999999817163
-0.09999999999793377
-0.09999999999816703
-0.09999999999818307
-0.099999999997909
-0.09999999999817112
-0.09999999999815226
-0.09999999999796494
-0.09999999999816589
-0.09999999999815795
-0.09999999999794948
-0.09999999999816474
-0.09999999999815166
-0.09999999999796344
-0.0999999999981515
-0.09999999999817505
-0.09999999999793845
-0.09999999999816901
-0.09999999999817662
-0.09999999999793394
-0.09999999999818243
-0.09999999999816693
-0.09999999999793911
-0.09999999999817342
-0.0999999999981685
-0.09999999999793904
-0.10000000062811631
-0.09999999936821521
-0.0999999999979381
-0.10000000022722896
-0.09999999976910057
-0.09999999999794103
-0.0999999999981796
-0.09999999999815937
-0.09999999999794158
-0.09999999828005697
-0.10000000171628749
-0.09999999999792843
-0.09999999999810984
-0.09999999999817011
-0.09999999999792931
-0.09999999999823252
-0.09999999999816138
-0.09999999999795217
-0.09999999999815766
-0.10000000440790768
-0.0999999949581968
-0.10000000515245999
-0.09999999318307978
-0.10000000669847224
-0.09999999301121441
-0.09999999965454583
-0.10000000005519621
-0.09999999954008797
-0.10000000074266974
-0.10000000257509353
-0.09999999661926277
-0.10000000337706394
-0.09999999999795009
-0.09999999999817022
-0.100000000456298
-0.09999999953979975
-0.09999999782191703
-0.09999999965454691
-0.10000000251781366
-0.0999999999981716
-0.09999999765009823
-0.10000000062790355
-0.10000000171626802
-0.09999999948273125
-0.09999999879528261
-0.10000000171627915
-0.09999999999816912
-0.09999999999792633
-0.09999999999818511
-0.09999999999816887
-0.09999999999793639
-0.09999999679105212
-0.10000000062813173
-0.09999999965432124
-0.10000000291894032
-0.09999999742101538
-0.10000000039882499
-0.09999999959721854
-0.09999999999816776
-0.09999999994063677
-0.10000000263268424
-0.09999999896729786
-0.09999999845165661
-0.10000000039905288
-0.0999999998836313
-0.10000000011247484
-0.10000000217437868
-0.09999999999817002
-0.099999997936206
-0.10000000034185734
-0.09999999879550411
-0.10000000108605431
-0.10000000183081979
-0.09999999999817459
-0.09999999999792566
-0.09999999999817878
-0.09999999999816861
-0.09999999999793947
-0.09999999828005984
-0.10000000171627174
-0.09999999999793963
-0.09999999999816933
-0.09999999999816851
-0.09999999999793938
-0.09999999999816653
-0.09999999999817061
-0.09999999999793927
-0.09999999999816817
-0.09999999999816583
-0.0999999999979405
-0.09999999999817255
-0.09999999999816667
-0.09999999999793369
-0.09999999999815049
-0.09999999999819544
-0.0999999999979468
-0.0999999999981745
-0.09999999999817134
-0.09999999999793341
-0.09999999999817048
-0.09999999999816979
-0.09999999999793685
-0.09999999999816939
-0.09999999999816948
-0.09999999999793371
-0.0999999999981733
-0.09999999999816815
-0.09999999999793911
-0.0999999999981663
-0.09999999999816975
-0.09999999999793739
-0.09999999999816947
-0.0999999999981693
-0.09999999999793792
-0.09999999999816875
-0.09999999999816783
-0.0999999999979382
-0.09999999999816812
-0.09999999999816744
-0.0999999999979373
-0.09999999999817094
-0.09999999999816839
-0.09999999999793274
-0.09999999999817084
-0.09999999999816885
-0.09999999999793634
-0.09999999999816514
-0.09999999999816789
-0.09999999999793102
-0.10000000480880362
-0.09999999518753888
-0.09999999999793621
-0.10000000457971192
-0.10000000028451493
-0.09999999994066797
-0.09999999999817223
-0.09999999999814713
-0.09999999873800838
-0.09999999198040554
-0.1000000044652372
-0.0999999974207709
-0.1000000073859705
-0.09999999518755266
-0.09999999999792257
-0.09999999999818407
-0.09999999553111676
-0.10000000446498808
-0.0999999999981716
-0.10000000257526462
-0.09999999742084108
-0.09999999999816914
-0.0999999999981665
-0.10000000480856652
-0.099999995187528
-0.09999999999818523
-0.09999999999793992
-0.0999999954165655
-0.10000000457976961
-0.09999999999794364
-0.099999999998126
-0.0999999999981918
-0.09999999999796434
-0.09999999999816989
-0.09999999999817043
-0.0999999999979377
-0.09999999999816898
-0.09999999999816739
-0.09999999999792013
-0.0999999999981804
-0.09999999999815062
-0.0999999999979295
-0.09999999999817721
-0.09999999999818669
-0.099999999997939
-0.0999999999981467
-0.09999999999816472
-0.09999999999795503
-0.0999999999981522
-0.09999999999816657
-0.09999999999792758
-0.09999999541659817
-0.10000000457973855
-0.09999999999793915
-0.09999999999815537
-0.09999999999814174
-0.09999999999793763
-0.09999999553117238
-0.10000000446522103
-0.09999999999793704
-0.09999999999811991
-0.09999999999817095
-0.09999999999794013
-0.09999999999821733
-0.09999999999818449
-0.09999999999790794
-0.0999999999981698
-0.09999999999817738
-0.09999999999793503
-0.09999999999816712
-0.09999999999815776
-0.10000000389225723
-0.10000000022725493
-0.1000000006854083
-0.09999999518729036
-0.09999999999816676
-0.10000000406430394
-0.10000000039884242
-0.09999999553113563
-0.09999999999816278
-0.09999999999795084
-0.09999999999815841
-0.09999999999816894
-0.09999999999792332
-0.09999999999817816
-0.0999999999981722
-0.0999999999979641
-0.09999999999817166
-0.09999999999813647
-0.10000000480858708
-0.0999999996545635
-0.09999999553112297
-0.09999999999796913
-0.09999999999816586
-0.09999999999816919
-0.09999999999791559
-0.09999999999817678
-0.10000000480880451
-0.09999999518731875
-0.0999999999981699
-0.09999999999813905
-0.09999999999794103
-0.10000000389250127
-0.09999999610383838
-0.09999999667627536
-0.10000000331981555
-0.10000000417885288
-0.09999999679083402
-0.09999999902459386
-0.09999999999819545
-0.09999999999791821
-0.09999999535932441
-0.10000000463701578
-0.09999999999794186
-0.099999999998153
-0.10000000389250044
-0.09999999999793287
-0.0999999961038574
-0.09999999999815729
-0.09999999999793842
-0.09999999999818246
-0.0999999999981683
-0.09999999999793656
-0.09999999999816109
-0.09999999999816779
-0.10000000446494671
-0.10000000011271717
-0.09999999988363209
-0.0999999998261355
-0.09999999570295973
-0.0999999999981707
-0.09999999999792716
-0.09999999999817506
-0.10000000457973661
-0.09999999541635812
-0.09999999999816801
-0.10000000446519663
-0.09999999553094098
-0.0999999971919197
-0.10000000280439333
-0.09999999999794001
-0.09999999999817089
-0.10000000412156097
-0.10000000005521521
-0.10000000028451593
-0.10000000034177338
-0.09999999965433731
-0.09999999553114627
-0.09999999999816366
-0.10000000457949733
-0.09999999541660626
-0.09999999999816199
-0.09999999999794716
-0.09999999999816353
-0.09999999999817476
-0.09999999999790164
-0.09999999999821127
-0.10000000423610086
-0.09999999575998955
-0.1000000048660732
-0.09999999971182372
-0.1000000002270157
-0.09999999072049455
-0.10000000864587343
-0.1000000006279125
-0.09999999518751204
-0.10000000423613543
0.0
-0.09999999999984743
-0.09999999999989614
-0.09999999999987066
-0.09999999999986894
-0.10000000337587193
-0.09999999661942097
-0.0999999999979351
-0.10000000480879047
-0.09999999518754231
-0.10000000291867404
-0.09999999707744071
-0.09999999999816052
-0.09999999999793126
-0.09999999999815251
-0.1000000048087868
-0.09999999908163171
-0.09999999610384547
-0.09999999999817978
-0.0999999999979179
-0.09999999999817108
-0.09999999999818221
-0.10000000417858719
-0.10000000062813995
-0.09999999759282932
-0.09999999793624298
-0.100000004465205
-0.09999999112137183
-0.10000000389225773
-0.10000000017000593
-0.10000000120080542
-0.09999999879528311
-0.0999999999981721
-0.09999999999815799
-0.10000000446495864
-0.09999999913913535
-0.09999999759284747
-0.10000000217418956
-0.09999999736375768
-0.09999999925374764
-0.0999999999978682
-0.1000000044651874
-0.09999999553122252
-0.09999999999793627
-0.09999999999813303
-0.09999999999816672
-0.09999999999796805
-0.0999999999981731
-0.09999999999820192
-0.09999999999793596
-0.09999999999816603
-0.09999999999816635
-0.09999999999793405
-0.09999999999816142
-0.09999999999816665
-0.09999999999793459
-0.09999999999816885
-0.10000000480880009
-0.09999999581724564
-0.09999999936822472
-0.09999999999816105
-0.09999999999794129
-0.09999999936818711
-0.1000000006281562
-0.100000001429655
-0.09999999639018836
-0.1000000021744335
-0.0999999999979404
-0.1000000048087979
-0.09999999518752702
-0.09999999999794233
-0.10000000062812081
-0.09999999936822176
-0.09999999999792988
-0.10000000062812299
-0.09999999936820551
-0.10000000120059134
-0.1000000007999467
-0.09999999959727722
-0.09999999959705566
-0.09999999879552746
-0.09999999999816668
-0.10000000194508106
-0.10000000022725503
-0.09999999822280851
-0.09999999959705987
-0.1000000010290148
-0.09999999833734544
-0.10000000062791549
-0.1000000008571972
-0.09999999976906578
-0.10000000016974613
-0.09999999999818443
-0.09999999971182308
-0.10000000022700727
-0.09999999988363281
-0.09999999936823271
-0.10000000045608105
-0.09999999994088775
-0.10000000022724809
-0.1000000001697461
-0.09999999971181937
-0.09999999994090547
-0.09999999999793495
-0.09999999982635487
-0.10000000051359202
-0.09999999959704949
-0.10000000079993214
-0.09999999931094813
-0.10000000051336502
-0.0999999989673458
-0.10000000028448391
-0.100000000284284
-0.09999999982635362
-0.0999999989673166
-0.10000000097153301
-0.09999999576021487
-0.10000000389252117
-0.10000000062789405
-0.09999999936819917
-0.10000000062812599
-0.09999999982612703
-0.09999999954001658
-0.09999999999818075
-0.09999999999794291
-0.09999999999818865
-0.09999999999817633
-0.0999999999979238
-0.09999999999819108
-0.09999999999816449
-0.0999999999979401
-0.09999999999816951
-0.09999999999816772
-0.09999999999794033
-0.09999999999816785
-0.09999999999816309
-0.09999999999794446
-0.09999999999816815
-0.09999999999816926
-0.09999999999793897
-0.09999999999816686
-0.09999999999816742
-0.0999999999979397
-0.09999999999816878
-0.09999999999816803
-0.09999999999793853
-0.09999999999816875
-0.09999999999816518
-0.09999999999794061
-0.09999999999816775
-0.0999999999981686
-0.09999999999793203
-0.09999999999817515
-0.09999999999816775
-0.09999999999793982
-0.09999999999816829
-0.09999999999816968
-0.09999999999793514
-0.0999999999981675
-0.0999999999981701
-0.0999999999979414
-0.09999999999816626
-0.09999999999816808
-0.09999999999793781
-0.09999999999816855
-0.09999999999816582
-0.09999999999794126
-0.09999999999816685
-0.0999999999981694
-0.09999999999793897
-0.09999999999816635
-0.09999999999816048
-0.09999999999794568
-0.09999999999816912
-0.09999999999816808
-0.09999999999793995
-0.09999999999816825
-0.09999999999816615
-0.09999999999793936
-0.09999999999816978
-0.09999999999816775
-0.09999999999793313
-0.09999999999817408
-0.0999999999981733
-0.09999999999794233
-0.0999999999981675
-0.09999999999816786
-0.09999999999793388
-0.09999999999817309
-0.09999999999816786
-0.0999999999979365
-0.09999999999817118
-0.0999999999981679
-0.09999999999793814
-0.09999999999816639
-0.09999999999816558
-0.0999999999979378
-0.09999999999817019
-0.09999999999815311
-0.09999999610357796
-0.10000000389251974
-0.09999999999814903
-0.09999999999793881
-0.09999999999817989
-0.09999999999816354
-0.09999999999793689
-0.09999999999817134
-0.10000000062811937
-0.09999999936799503
-0.09999999999816271
-0.09999999999817584
-0.09999999999793435
-0.10000000045629809
-0.09999999971183454
-0.09999999994067192
-0.09999999994088342
-0.09999999999817344
-0.09999999994069277
-0.09999999999815003
-0.10000000011271083
-0.09999999988341603
-0.09999999999817123
-0.0999999999981677
-0.09999999999793661
-0.1000000000554239
-0.10000000016994996
-0.09999999988341929
-0.099999999883648
-0.09999999999816962
-0.09999999999794133
-0.09999999999815565
-0.1000000001126939
0.0
-0.09999999999986604
-0.09999999999990153
-0.09999999999991101
-0.09999999999991292
-0.1000000000540417
-0.09999999994101229
-0.09999999999816701
-0.1000000006278842
-0.09999999976909847
-0.09999999959729573
-0.10000000051334172
-0.09999999948276989
-0.09999999999815312
-0.09999999999794876
-0.10000000005542395
-0.09999999994091265
-0.09999999999793928
-0.09999999999816762
-0.1000000006281188
-0.09999999936799178
-0.09999999999816687
-0.09999999999817084
-0.09999999999793663
-0.09999999999816589
-0.1000000001126921
-0.09999999988341342
-0.09999999999816742
-0.09999999999817204
-0.0999999999979364
-0.09999999936817867
-0.10000000062815766
-0.09999999999793886
-0.0999999999981723
-0.09999999999817237
-0.09999999999793667
-0.0999999999981694
-0.09999999999816364
-0.09999999999793305
-0.09999999999817026
-0.09999999999817488
-0.09999999999793696
-0.09999999953999099
-0.09999999982636326
-0.10000000062791854
-0.09999999959726479
-0.09999999976908859
-0.10000000062792411
-0.09999999948272235
-0.10000000005543458
-0.09999999982612855
-0.10000000062815886
-0.099999999711799
-0.10000000045609934
-0.09999999982637514
-0.09999999999816739
-0.09999999999793861
-0.09999999999817155
-0.10000000045630916
-0.10000000016974575
-0.09999999936821889
-0.09999999999816929
-0.0999999999979369
-0.09999999999816918
-0.0999999999981683
-0.09999999999792587
-0.09999999999818084
-0.09999999999817295
-0.09999999948248715
-0.10000000051361807
-0.09999999999816865
-0.0999999993679547
-0.10000000079994277
-0.09999999919639158
-0.10000000062791352
-0.09999999999817731
-0.09999999999816488
-0.0999999999979434
-0.0999999999981635
-0.09999999999815666
-0.09999999999794838
-0.09999999999816737
-0.09999999999817198
-0.09999999999793664
-0.09999999999816571
-0.0999999999981714
-0.09999999999793735
-0.09999999999817431
-0.10000000028449885
-0.09999999971160381
-0.0999999999981605
-0.10000000051358404
-0.0999999994825274
-0.09999999999817201
-0.0999999999981657
-0.10000000039880866
-0.09999999959729804
-0.0999999999981745
-0.09999999999792897
-0.09999999999816095
-0.09999999999818594
-0.09999999999793326
-0.09999999999816961
-0.09999999999817073
-0.10000000062810853
-0.09999999787895966
-0.10000000148719945
-0.09999999999817138
-0.09999999999794373
-0.09999999999816557
-0.09999999936818071
-0.10000000062792937
-0.09999999999817133
-0.09999999999816586
-0.0999999999979405
-0.09999999999816728
-0.09999999999817083
-0.09999999999793951
-0.099999999998165
-0.09999999999816947
-0.09999999999793777
-0.09999999999816958
-0.0999999999981632
-0.09999999999794108
-0.09999999999817154
-0.10000000011268903
-0.09999999988341413
-0.09999999976907578
-0.10000000022725875
-0.09999999999794089
-0.0999999999981696
-0.09999999999816052
-0.09999999994065789
-0.10000000005545337
-0.09999999999815656
-0.09999999999793993
-0.09999999999816381
-0.09999999999814987
-0.09999999999794221
-0.09999999999817086
-0.09999999999816016
-0.09999999999794752
-0.10000000217441055
-0.0999999995399908
-0.09999999999795633
-0.09999999850914214
-0.10000000102903903
-0.09999999868073314
-0.10000000309072357
-0.0999999975355644
-0.09999999994066543
-0.09999999936820654
-0.10000000177351745
-0.09999999913889206
-0.09999999919643297
-0.10000000217441934
-0.09999999919614712
-0.10000000051361913
-0.09999999976908483
-0.10000000011248794
-0.09999999988363058
-0.09999999965455561
-0.0999999996543127
-0.10000000039905098
-0.10000000022725536
-0.09999999839441122
-0.09999999999817365
-0.09999999999816545
-0.09999999999793993
-0.09999999999817093
-0.09999999999816792
-0.09999999999793709
-0.09999999999816883
-0.0999999999981713
-0.09999999999793896
-0.09999999999816735
-0.09999999999816786
-0.09999999999793321
-0.09999999999817079
-0.09999999999816392
-0.09999999999794126
-0.09999999999817173
-0.09999999999816932
-0.09999999999793471
-0.09999999999817008
-0.09999999999816848
-0.09999999999793734
-0.09999999999816853
-0.09999999999816761
-0.09999999999793921
-0.09999999999816936
-0.09999999999816862
-0.09999999999793846
-0.099999999998167
-0.09999999999816618
-0.09999999999793484
-0.09999999999817373
-0.09999999999817058
-0.09999999999793742
-0.09999999999816957
-0.0999999999981685
-0.09999999999793581
-0.09999999999817188
-0.09999999999793777
-0.09999999999816774
-0.0999999999981691
-0.09999999999794018
-0.09999999999816342
-0.09999999999817273
-0.09999999999793999
-0.09999999999816542
-0.09999999999793886
-0.09999999999816997
-0.09999999999816299
-0.099999999997942
-0.09999999999817107
-0.09999999999793681
-0.09999999999816614
-0.09999999999816858
-0.09999999999793895
-0.09999999999725198
-0.0999999999970247
-0.09999999999724406
-0.0999999999970248
-0.09999999999702754
-0.09999999999725226
-0.0999999999970141
-0.09999999999725892
-0.0999999999970194
-0.09999999999725599
-0.09999999999702408
-0.09999999999724886
-0.09999999999701245
-0.09999999999726139
-0.0999999999970231
-0.09999999999816966
-0.09999999999794307
-0.09999999999816316
-0.09999999999793516
-0.099999999998171
-0.09999999999817005
-0.09999999999793885
-0.09999999999817674
-0.09999999999793964
-0.09999999999816238
-0.09999999999816898
-0.09999999999792844
-0.09999999999817648
-0.09999999999816024
-0.09999999999794759
-0.0999999999981665
-0.09999999999794694
-0.09999999999816776
-0.09999999999813532
-0.09999999999792686
-0.09999999999723734
-0.09999999999703023
-0.09999999999724876
-0.09999999999702132
-0.09999999999702272
-0.09999999999724386
-0.09999999999819714
-0.09999999999791193
-0.09999999999817479
-0.0999999999979431
-0.09999999999815061
-0.09999999999820053
-0.09999999999792682
-0.0999999999981611
-0.09999999999794391
-0.09999999999818152
-0.09999999999814799
-0.0999999999979428
-0.09999999999816271
-0.0999999999979419
-0.0999999999981828
-0.09999999999813883
-0.09999999999795073
0.0
-0.09999999999979138
-0.09999999999986216
-0.09999999999986785
-0.09999999999987658
-0.09999999959717666
-0.10000000011257416
-0.09999999988366691
-0.10000000005543522
-0.09999999994066944
-0.09999999994090145
-0.10000000016993962
-0.09999999976878648
-0.10000000028451347
-0.09999999976910853
-0.0999999999406804
-0.10000000503786455
-0.09999999988364748
-0.09999999707722736
-0.1000000025752716
-0.09999999564568865
-0.1000000046367289
-0.09999999518758847
-0.10000000480880712
-0.09999999501549957
-0.10000000366338954
-0.099999996332879
-0.10000000383504631
-0.0999999963328509
-0.09999999982646349
-0.10000000011246794
-0.10000000217440758
-0.09999999770739358
-0.10000000217417761
-0.09999999765013108
-0.10000000028448243
-0.10000000011245917
-0.09999999954002696
-0.1000000032052635
-0.09999999719172331
-0.10000000165896222
-0.09999999799374518
-0.10000000194506173
-0.09999999885282436
-0.10000000120082239
-0.1000000000552132
-0.0999999968483338
-0.10000000669871278
-0.09999999163661047
-0.10000000813045995
-0.0999999965620164
-0.1000000036632149
-0.09999999999818338
-0.0999999999981641
-0.09999999890978438
-0.10000000108629879
-0.09999999999815973
-0.10000000016973877
-0.09999999982636568
-0.09999999936819089
-0.10000000062792976
-0.09999999999818163
-0.09999999999817388
-0.09999999518730317
-0.09999999999818271
-0.09999999999816732
-0.09999999999795667
-0.09999999999819155
-0.09999999999817373
-0.09999999999794136
-0.09999999999817083
-0.09999999999816855
-0.0999999999979389
-0.09999999999816865
-0.0999999999981666
-0.09999999999794171
-0.09999999999816918
-0.09999999999816686
-0.09999999999793933
-0.09999999999816898
-0.09999999999816714
-0.09999999999793906
-0.09999999999817
-0.09999999999816547
-0.09999999999794154
-0.09999999999816758
-0.09999999999816592
-0.09999999999794107
-0.09999999999816732
-0.09999999999816922
-0.09999999999793553
-0.09999999999816955
-0.09999999999816757
-0.09999999999794132
-0.09999999999816847
-0.09999999999816775
-0.09999999999793979
-0.099999999998164
-0.09999999999817155
-0.0999999999979404
-0.09999999999816636
-0.09999999999817132
-0.09999999999793614
-0.09999999999816836
-0.0999999999981679
-0.09999999999793908
-0.09999999999817075
-0.09999999999816497
-0.09999999999794014
-0.0999999999981689
-0.09999999999816808
-0.09999999999793793
-0.09999999999816889
-0.09999999999816932
-0.09999999999793396
-0.09999999999817101
-0.09999999999816862
-0.09999999999793852
-0.09999999999816966
-0.09999999999816635
-0.09999999999793506
-0.09999999999817404
-0.0999999999981656
-0.0999999999979442
-0.0999999999981663
-0.09999999999816817
-0.09999999999793852
-0.09999999999816862
-0.09999999999816932
-0.09999999999793996
-0.09999999999816633
-0.09999999999816786
-0.09999999999791503
-0.09999999999818138
-0.09999999999817333
-0.09999999999793811
-0.09999999999816825
-0.09999999999816903
-0.09999999999794142
-0.09999999999816817
-0.09999999999815971
-0.09999999999794405
-0.09999999999816957
-0.09999999999816767
-0.09999999999794099
-0.0999999999981676
-0.09999999999816822
-0.09999999999793975
-0.09999999999816782
-0.09999999999816715
-0.09999999999793799
-0.0999999999981652
-0.09999999999817015
-0.0999999999979415
-0.09999999999816847
-0.09999999999816499
-0.09999999999794182
-0.09999999999816807
-0.09999999999816533
-0.09999999999793961
-0.09999999999817116
-0.0999999999981698
-0.0999999999979366
-0.09999999999816858
-0.09999999999816633
-0.09999999999794047
-0.09999999999816117
-0.09999999999814398
-0.09999999999794904
-0.09999999999816023
-0.09999999999816615
-0.09999999999793108
-0.0999999999981491
-0.09999999936818653
-0.10000000062791584
-0.09999999999815062
-0.09999999954000856
-0.10000000045610354
-0.09999999999817202
-0.09999999999816939
-0.09999999999792494
-0.09999999999816654
-0.09999999999819773
-0.09999999999793091
-0.09999999999816006
-0.09999999999817358
-0.0999999999979356
-0.09999999999816529
-0.09999999999816193
-0.09999999999794541
0.0
-0.09999999999974307
-0.09999999999982728
-0.09999999999981718
-0.09999999999982258
-0.10000000223091267
-0.09999999753534122
-0.1000000028044376
-0.0999999971347065
-0.09999999988338446
-0.09999999994091012
-0.10000000160169768
-0.10000000240326785
-0.09999999610381866
-0.10000000423613678
-0.09999999564544428
-0.0999999999981505
-0.10000000045637561
-0.09999999948246749
-0.09999999988366302
-0.10000000263252946
-0.09999999747807159
-0.10000000011272735
-0.0999999999981455
-0.0999999999406629
-0.09999999982638805
-0.10000000028449654
-0.09999999988338633
-0.09999999994088901
-0.10000000022722652
-0.10000000016975327
-0.10000000412157078
-0.09999999535933153
-0.10000000062792952
0.0
-0.09999999999937562
-0.09999999999962945
-0.09999999999964451
-0.09999999999964472
-0.09999999999733875
-0.09999999999820519
-0.09999999999817676
-0.09999999999795164
-0.0999999999981308
-0.09999999999816923
-0.09999999999793349
-0.09999999999819005
-0.09999999999816765
-0.09999999999794157
-0.09999999999814077
-0.09999999999818794
-0.0999999999979403
-0.09999999999816978
-0.09999999999817538
-0.0999999999979339
-0.09999999999817456
-0.09999999999816274
-0.09999999999793573
-0.09999999999816156
-0.09999999999815315
-0.09999999999794527
-0.09999999999817573
-0.09999999999817191
-0.09999999999793076
-0.09999999999816808
-0.09999999999816422
-0.09999999999795792
-0.09999999999817
-0.09999999999817646
-0.09999999999792669
-0.09999999999817702
-0.09999999999816535
0.0
-0.09999999999948381
-0.09999999999965135
-0.09999999999963968
-0.09999999999964163
-0.09999999931065376
-0.10000000205983628
-0.09999999976907148
-0.09999999805099499
-0.09999999994063856
-0.10000000177353181
-0.09999999839462649
-0.09999999965432589
-0.10000000406426633
-0.09999999799375223
-0.09999999959708668
-0.10000000383526499
-0.0999999952447532
-0.09999999925346476
-0.10000000583970593
-0.09999999450029148
-0.10000000005493696
-0.10000000022713619
-0.10000000102904923
-0.09999999862377691
-0.10000000555344352
-0.09999999381302756
-0.10000000618300536
-0.09999999261043771
-0.10000000194536796
-0.10000000062789292
-0.09999999936787814
-0.1000000006281335
-0.09999999936820683
-0.09999999999818579
-0.09999999616110873
-0.100000003491361
-0.10000000045636746
-0.09999999959728108
-0.10000000137237053
-0.10000000435075428
-0.09999999999816966
-0.09999999467185904
-0.10000000114357524
-0.09999999936819122
-0.09999999999790572
-0.10000000062811794
-0.0999999993682015
-0.09999999885254655
-0.10000000114360247
-0.09999999948274282
-0.1000000005133825
-0.10000000446516713
-0.0999999955311321
-0.09999999908156895
-0.1000000057251309
-0.09999999518747639
-0.10000000457951447
-0.09999999971180713
-0.09999999627558495
-0.09999999661859262
-0.1000000077292796
-0.09999999953999279
-0.09999999999862048
-0.09999999971190238
-0.10000000068542272
-0.09999999152181749
-0.09999999913866334
-0.10000000125808471
-0.10000000005562186
-0.09999999913937563
-0.0999999998264117
-0.10000000263240337
-0.09999999976841832
-0.10000000028467645
-0.10000000039898344
-0.10000000074316753
-0.09999999971188137
-0.1000000006279619
-0.09999999999821475
-0.09999999999816735
-0.09999999999792629
-0.0999999999980032
-0.09999999999814234
-0.09999999999796015
-0.0999999999983492
-0.09999999999816053
-0.09999999999794826
-0.09999999999797116
-0.09999999999815501
-0.09999999999795642
-0.09999999999835875
-0.09999999999817086
-0.09999999999794182
-0.09999999999798705
-0.09999999999814577
-0.09999999999786334
-0.09999999936843768
-0.10000000062816095
-0.09999999999795071
-0.09999999999794475
-0.09999999999816213
-0.09999999999794786
-0.09999999999834638
-0.09999999999815229
-0.0999999999979519
-0.09999999999810996
-0.09999999999807332
-0.0999999999979498
-0.09999999999824549
-0.09999999999829333
-0.09999999999793428
-0.09999999999816894
-0.09999999999796792
-0.09999999999794586
-0.09999999999818085
-0.09999999999810892
-0.0999999999981807
-0.0999999999981615
-0.09999999999776248
-0.09999999999815551
-0.09999999999817029
-0.09999999999813047
-0.09999999999819241
-0.09999999999791914
-0.09999999999798682
-0.09999999999813448
-0.09999999999796422
-0.09999999999835958
-0.09999999999793752
-0.0999999999981746
-0.09999999999796721
-0.09999999999794676
-0.09999999999815103
-0.09999999999836762
-0.09999999999794015
-0.09999999999816694
-0.09999999999771625
-0.09999999999820733
-0.09999999999717808
-0.0999999999972897
-0.09999999999701711
-0.09999999999726028
-0.09999999999700179
-0.09999999999709012
-0.09999999999704592
-0.09999999999740601
-0.09999999999702966
-0.09999999999683346
-0.09999999999725712
-0.09999999999720742
-0.09999999999725007
-0.09999999999684209
-0.09999999999724192
-0.09999999999721636
-0.09999999999725102
-0.09999999999702233
-0.09999999999702373
-0.09999999999706863
-0.09999999999701172
-0.0999999999974435
-0.09999999999701163
-0.0999999999970673
-0.09999999999798423
-0.09999999999832537
-0.09999999999793237
-0.09999999999816785
-0.09999999999817087
-0.09999999999793797
-0.09999999999817417
-0.09999999999798151
-0.09999999999794393
-0.09999999999815214
-0.09999999999812936
-0.09999999999817029
0.0
-0.09999999999964314
-0.09999999999975777
-0.09999999999976451
-0.0999999999997775
-0.1000000016589768
-0.10000000005552641
-0.10000000011217075
-0.09999999999817545
-0.09999999959730742
-0.10000000011266755
-0.10000000005547457
-0.10000000057083626
-0.09999999925324095
-0.09999999856631564
-0.10000000062799115
-0.10000000057086057
-0.09999999879573601
-0.1000000048086662
-0.09999999581735204
-0.09999999913871158
-0.09999999558840952
-0.10000000400695387
-0.10000000062844588
-0.09999999627562736
-0.10000000383500651
-0.09999999541628948
0.0
-0.09999999999960138
-0.09999999999972269
-0.09999999999971866
-0.0999999999997395
-0.09999999999766078
-0.09999999999799652
-0.09999999999792626
-0.09999999999817796
-0.09999999999833746
-0.09999999999793942
-0.09999999999815928
-0.09999999999799819
-0.09999999999792153
-0.09999999999820106
-0.09999999999833498
-0.09999999999794802
-0.09999999999816522
-0.09999999999798864
-0.09999999999792744
-0.09999999999819445
-0.09999999999833134
-0.09999999999793929
-0.09999999999816965
-0.09999999999797413
-0.09999999999794414
-0.09999999999818268
-0.09999999999828578
-0.09999999999799594
-0.09999999999817082
-0.09999999999816561
-0.09999999999774982
-0.09999999999818052
-0.09999999999818257
-0.09999999999809832
-0.099999999998178
-0.09999999999817158
-0.09999999999775747
-0.09999999999816622
-0.09999999999816994
-0.09999999999810943
-0.09999999999817713
-0.09999999999816357
-0.099999999997761
-0.0999999999981722
-0.09999999999817076
-0.09999999999811521
-0.09999999999816675
-0.09999999999816837
-0.09999999999793689
-0.09999999999817046
-0.0999999999981715
-0.09999999999787977
-0.09999999999816137
-0.09999999999817394
-0.09999999999793387
-0.09999999999817372
-0.09999999999815418
-0.0999999999979464
-0.09999999999817043
-0.09999999999818143
-0.09999999999792968
-0.0999999999981637
-0.09999999999816335
-0.09999999999794376
-0.09999999999816823
-0.09999999999817175
-0.09999999999794712
-0.09999999999816755
-0.099999999998172
-0.09999999999792399
-0.0999999999981749
-0.09999999999816228
-0.09999999999793557
-0.09999999999817524
-0.09999999999817995
-0.09999999999794046
-0.09999999999816295
-0.0999999999981663
-0.09999999999791427
-0.0999999999981792
-0.09999999999818024
-0.09999999999792933
-0.09999999999816987
-0.09999999999817827
-0.09999999999793116
-0.09999999999814971
-0.099999999998176
-0.09999999999794151
-0.09999999999818703
-0.09999999999815963
-0.09999999999794912
-0.09999999999816923
-0.09999999999816545
-0.09999999999792229
-0.09999999999815538
-0.09999999999817875
-0.09999999999794408
-0.0999999999981822
-0.09999999999816142
-0.09999999999792938
-0.09999999999817964
-0.09999999999816321
-0.09999999999792786
-0.09999999999819044
-0.09999999999816778
-0.09999999999791687
-0.09999999999819208
-0.09999999999817237
-0.09999999999792829
-0.09999999999815741
-0.09999999999818315
-0.09999999999792716
-0.09999999999818274
-0.0999999999981645
-0.09999999999793012
-0.09999999999815767
-0.09999999999817014
-0.09999999999794086
-0.09999999999817945
-0.09999999999818455
-0.09999999999793688
-0.09999999999816615
-0.0999999999981363
-0.09999999999795453
-0.09999999999816453
-0.09999999999815815
-0.09999999999794514
-0.09999999999819209
-0.09999999999816923
-0.0999999999979324
-0.09999999999815117
-0.09999999999817143
-0.09999999999793716
-0.09999999999817366
-0.09999999999818157
-0.09999999999793233
-0.09999999999818131
-0.0999999999981656
-0.09999999999793437
-0.09999999999816016
-0.09999999999817553
-0.09999999999793181
-0.09999999999817989
-0.09999999999817298
-0.09999999999792694
-0.0999999999981466
-0.09999999999819323
-0.0999999999979229
-0.09999999999818758
-0.09999999999817182
-0.09999999999791898
-0.09999999999818934
-0.09999999999816851
-0.09999999999792968
-0.09999999999815265
-0.09999999999816887
-0.09999999999793392
-0.09999999999818111
-0.09999999999817011
-0.09999999999795355
-0.0999999999981616
-0.09999999999816286
-0.0999999999979266
-0.09999999999819446
-0.09999999999816668
-0.0999999999979258
-0.09999999999816954
-0.09999999999816694
-0.0999999999979392
-0.0999999999981636
-0.09999999999816248
-0.09999999999793964
-0.09999999999819138
-0.09999999999816443
-0.09999999999794008
-0.09999999999814693
-0.0999999999981689
-0.09999999999793673
-0.09999999999818775
-0.09999999999817683
-0.0999999999979269
-0.09999999999816608
-0.09999999999817306
-0.09999999999793863
-0.09999999999816551
-0.09999999999817115
-0.0999999999979326
-0.09999999999818034
-0.09999999999817549
-0.09999999999793115
-0.09999999999816615
-0.0999999999981659
-0.09999999999792414
-0.09999999999818601
-0.09999999999817098
-0.09999999999793337
-0.09999999999815166
-0.09999999999816969
-0.1000000048084732
-0.09999999518762953
-0.09999999999817565
-0.09999999999794557
-0.09999999999816722
-0.09999999999816607
-0.09999999999794267
-0.09999999999817377
-0.0999999999981776
-0.09999999999793276
-0.09999999999814871
-0.09999999999816603
-0.09999999999793831
-0.09999999999816885
-0.09999999999819295
-0.0999999999979225
-0.0999999999981679
-0.09999999999817585
-0.09999999999794101
-0.09999999999818096
-0.09999999999816732
-0.099999999997938
-0.0999999999981446
-0.09999999999816876
-0.09999999999793635
-0.09999999999818104
-0.09999999999816964
-0.09999999999793821
-0.09999999999817857
-0.09999999999815126
-0.09999999999795654
-0.09999999999815333
-0.09999999999818171
-0.09999999999792952
-0.09999999999818412
-0.09999999999815973
-0.09999999999793521
-0.09999999999817123
-0.099999999998175
-0.09999999999792696
-0.09999999999815704
-0.0999999999981712
-0.09999999999792204
-0.09999999999819607
-0.09999999999816424
-0.09999999999794223
-0.09999999999814531
-0.09999999999817726
-0.09999999999793825
-0.09999999999818439
-0.09999999999818623
-0.09999999999793403
-0.0999999999981461
-0.09999999999817238
-0.09999999999793556
-0.09999999999816786
-0.09999999999817565
-0.09999999999794204
-0.09999999999817198
-0.0999999999981763
-0.09999999999793323
-0.09999999999815407
-0.09999999999818195
-0.09999999999792107
-0.09999999999817792
-0.09999999999818088
-0.09999999999794204
-0.09999999999814876
-0.0999999999981755
-0.09999999999794162
-0.09999999999815916
-0.09999999999816397
-0.09999999999794117
-0.0999999999981775
-0.0999999999981673
-0.0999999999979397
-0.09999999999816557
-0.09999999999815844
-0.0999999999979424
-0.09999999999816521
-0.09999999999818052
-0.09999999999794679
-0.09999999999815673
-0.09999999999817666
-0.09999999999794987
-0.09999999999814797
-0.09999999999817212
-0.0999999999979399
-0.09999999999817884
-0.09999999999817023
-0.09999999999793732
-0.09999999999814631
-0.09999999999815713
-0.0999999999979478
-0.09999999999814423
-0.09999999999820146
-0.09999999999796141
-0.09999999999814793
-0.09999999999817166
-0.09999999999792931
-0.09999999999816901
-0.09999999999817007
-0.09999999999793721
-0.09999999999817057
-0.09999999999815916
-0.09999999999795853
-0.09999999999815713
-0.09999999999817606
-0.09999999999793602
-0.09999999999814774
-0.0999999999981852
-0.10000000480855409
-0.09999999518754496
-0.09999999999818529
-0.09999999999791678
-0.09999999999815778
-0.0999999999981971
-0.09999999999792435
-0.09999999999817039
-0.09999999999816764
-0.09999999999794212
-0.09999999999816904
-0.09999999999817485
-0.09999999999794788
-0.09999999999815203
-0.09999999999814597
-0.09999999999796298
-0.09999999999817531
-0.09999999999817842
-0.0999999999979398
-0.09999999999816589
-0.09999999999815072
-0.09999999999793176
-0.0999999999981725
-0.09999999999818472
-0.09999999999793606
-0.09999999999816854
-0.09999999999815243
-0.0999999999979466
-0.099999999998164
-0.09999999999818099
-0.09999999999793861
-0.09999999999817034
-0.09999999999816821
-0.09999999999792836
-0.09999999999817177
-0.09999999999816525
-0.099999999997943
-0.09999999999816248
-0.09999999999816879
-0.09999999999795246
-0.09999999999810065
-0.09999999581732744
-0.09999999971158499
-0.09999999994087129
-0.10000000005551303
-0.10000000446497556
-0.09999999541661206
-0.10000000011272206
-0.10000000446497792
-0.09999999553112356
-0.10000000446518954
-0.09999999902434457
-0.10000000097177739
-0.09999999999814899
-0.09999999999792013
-0.09999999999819925
-0.09999999553109744
-0.1000000044649882
-0.09999999999821274
-0.09999999999815323
