0
0
0
0
0
0
0
0
0
0
0
0
0
0
0
-9
0
0
0
0
0
0
0
0
0
0
0
-11
0
0
0
0
0
0
0
0
0
0
0
-84
0
0
0
0
0
0
0
0
0
0
0
0
0
0
0
-84
0
0
0
0
0
0
0
0
0
0
0
0
0
0
0
0
0
0
0
-84
0
0
-6
0
0
-1
0
0
0
0
0
0
0
0
0
0
0
0
0
0
0
0
0
0
0
0
0
0
0
0
0
0
0
0
0
-11
0
0
-4
0
0
0
0
0
30
0
0
0
0
0
0
0
0
0
-77
11
-79
40
-77
45
51
50
58
45
0
59
0
0
0
-8
0
38
44
0
0
41
30
0
9
30
0
0
0
0
0
0
56
45
51
0
45
38
45
45
46
0
18
45
38
40
38
0
0
36
30
51
32
0
0
0
0
0
0
30
0
0
0
0
0
0
0
0
0
0
0
0
0
0
0
0
0
0
0
0
0
0
0
0
0
0
0
0
0
0
0
0
0
0
0
0
0
0
0
0
0
0
0
0
0
0
0
0
0
0
-84
0
0
-80
-85
-84
-84
-84
-62
78
0
45
-84
0
0
0
78
0
0
-45
0
0
0
-84
0
0
0
80
0
0
0
0
0
0
0
0
0
0
0
0
0
0
0
0
0
0
0
0
0
0
0
80
0
0
0
0
0
78
0
0
0
0
0
0
0
0
0
0
0
0
0
-68
-72
-84
0
0
-71
-78
0
0
0
0
0
0
0
0
0
0
0
-84
-78
0
0
0
0
0
0
-84
0
0
0
0
-68
0
58
0
-73
-17
0
0
0
81
0
0
0
-68
-68
0
0
0
0
0
0
0
0
-78
-80
-78
-75
0
0
0
0
-80
0
0
-78
0
49
0
0
0
-72
-73
-78
-84
-78
0
0
-80
0
0
0
0
0
0
0
-74
0
-85
-80
-84
78
-73
-84
0
-74
0
0
0
0
0
-59
0
0
-84
0
-51
0
0
0
0
-84
-68
0
0
0
0
0
-73
-84
-42
-6
-84
71
3
0
-21
0
0
0
-78
-63
-21
-59
-13
0
0
-78
0
0
0
0
0
0
0
0
0
0
0
0
0
0
0
-84
-11
0
0
0
11
0
-25
38
0
0
-84
0
0
-11
0
0
-11
0
-21
-35
-28
-21
0
0
-34
-38
-7
0
-18
11
0
-15
-11
-14
-14
-9
-13
-11
0
-8
-7
-11
-14
-9
-8
-8
-5
-14
-7
-21
-9
-18
0
-5
-10
-7
11
-6
68
0
-11
0
-11
-8
0
0
0
0
0
0
0
0
0
0
0
0
0
0
0
0
0
0
0
0
0
0
0
0
0
0
0
0
0
0
0
0
0
0
0
0
0
0
0
0
0
0
0
0
0
0
0
0
0
0
0
0
0
0
0
0
0
0
0
0
0
0
0
0
0
0
0
0
0
0
0
0
0
0
0
0
0
68
0
0
0
0
0
0
0
-11
0
0
0
0
-8
-3
-2
-1
-1
0
0
-2
0
0
0
0
-1
-4
-2
0
0
0
0
-2
0
0
0
0
0
-1
0
0
-11
-7
0
-9
0
0
0
-1
0
0
0
-11
0
0
0
0
0
-2
0
0
0
0
11
0
0
0
0
0
0
0
0
0
0
0
8
11
0
7
11
0
9
8
11
0
5
-3
0
0
0
0
-8
-11
0
0
0
0
0
0
0
0
9
0
0
11
-3
11
0
0
0
0
0
0
0
0
0
0
0
0
0
0
-5
0
0
-9
0
0
0
-7
0
0
0
0
0
0
0
0
-11
26
0
0
0
0
11
0
0
0
0
0
0
0
0
0
0
0
0
0
0
-2
0
4
0
0
0
0
1
0
0
0
0
0
0
0
0
0
-38
-30
-30
-4
-22
1
-53
-10
-9
2
-29
-14
0
-38
-24
-33
-29
-31
-29
-23
-17
-24
-28
0
0
0
0
0
0
0
0
0
0
0
0
0
0
0
0
0
0
0
0
0
0
0
0
0
0
0
0
0
0
0
0
0
0
0
0
0
0
0
0
0
0
0
0
0
0
0
0
0
0
0
0
0
0
0
0
0
0
0
0
0
0
0
0
0
0
0
0
0
0
0
0
0
0
0
0
0
0
0
0
0
0
0
0
0
0
0
0
0
0
0
0
0
0
0
0
0
0
0
0
0
0
0
0
0
0
0
0
0
0
0
0
0
0
0
0
0
0
7
5
7
6
7
8
5
9
4
8
9
-79
-77
-26
-71
5
-76
8
-76
11
-53
11
-56
8
11
9
-29
11
-27
14
9
7
15
-41
8
-21
14
-20
0
-21
-22
33
-84
62
-80
-20
-84
-84
-84
-65
-84
-84
-87
-84
-73
-84
-84
-84
0
0
0
0
0
0
0
0
0
0
0
0
0
0
0
0
0
0
0
0
0
0
0
0
0
0
0
0
0
0
0
0
0
0
0
0
0
0
0
0
0
0
0
0
0
0
0
0
0
0
0
0
0
0
0
0
0
0
0
0
0
0
0
0
0
0
0
0
0
0
0
0
0
0
0
0
0
0
0
0
0
0
0
0
0
0
0
0
0
0
0
0
0
0
0
0
0
0
0
0
0
0
0
0
0
0
0
0
0
0
11
0
0
8
0
0
0
0
0
0
0
0
0
0
0
0
0
0
0
0
0
0
-39
4
-45
5
7
8
-20
-62
6
-68
8
8
0
9
11
-35
9
7
7
8
11
6
8
9
5
2
-70
11
0
0
0
0
0
0
0
0
0
0
0
0
0
0
0
0
0
0
0
0
0
0
0
0
0
0
0
0
0
0
0
0
0
0
0
0
0
0
0
0
0
0
0
0
12
-24
-20
14
15
-16
12
18
-53
-18
-11
-78
5
18
-84
12
11
7
-11
13
-84
24
-84
45
11
0
11
0
11
11
78
17
9
16
-8
-84
-84
9
-11
0
0
-11
0
20
0
9
0
-78
0
16
-84
0
-80
-75
-10
49
-86
-78
-78
-73
-85
63
78
56
55
70
73
27
31
26
19
6
11
0
0
0
0
0
0
0
0
0
0
0
0
0
0
0
0
0
0
0
11
0
0
0
0
0
0
0
0
0
0
0
0
0
0
0
0
0
0
0
0
0
0
0
0
0
0
0
0
0
0
0
0
0
0
0
0
0
0
0
0
0
0
0
0
0
0
0
0
0
0
0
0
0
0
0
0
0
0
0
0
0
0
0
0
0
0
0
0
0
0
0
0
0
0
0
0
0
0
0
0
0
0
-29
-30
-32
-32
-25
-27
-28
-38
-25
0
-11
-21
0
-84
-11
4
81
11
0
65
-2
78
0
0
0
0
0
0
0
0
0
0
0
0
0
0
0
0
0
0
0
0
0
0
0
0
0
0
0
0
0
0
0
0
0
0
0
0
0
0
0
0
0
0
0
0
0
0
0
0
0
0
0
0
0
0
0
0
0
0
0
0
0
0
0
0
0
0
0
0
0
0
0
0
0
0
0
0
0
0
0
0
0
0
0
0
0
0
0
0
0
0
0
0
0
0
0
0
0
0
0
0
0
0
0
0
0
0
0
0
0
0
0
0
0
0
0
0
0
0
0
0
0
0
0
0
0
0
0
0
0
0
0
0
0
0
0
0
0
0
0
0
0
0
0
0
0
0
0
0
0
0
0
0
0
0
0
0
0
0
0
0
0
0
0
0
0
0
0
0
0
0
0
0
0
0
0
0
0
0
0
0
0
0
0
0
0
0
0
0
0
0
0
0
0
0
0
0
0
0
0
-84
0
0
0
0
0
0
0
0
0
0
0
0
0
0
0
0
0
0
0
0
0
0
0
0
0
0
0
0
0
0
0
0
0
0
0
0
0
0
0
0
0
0
0
0
0
0
0
0
0
0
0
0
0
0
0
0
0
0
0
0
0
0
0
0
0
0
0
0
0
0
0
0
0
0
0
0
0
0
0
0
0
0
0
0
0
0
0
0
0
0
0
0
0
0
0
0
0
0
0
0
0
0
0
0
0
0
0
0
0
0
-84
0
0
0
0
0
0
0
0
0
0
0
0
0
0
0
0
0
0
0
0
0
0
0
0
0
0
0
0
0
0
0
0
0
0
0
0
0
0
0
0
73
78
79
78
0
80
78
0
78
0
17
0
0
0
0
78
0
0
0
